Solving puzzle using A*
Solution in 24 moves
Initial State
f=18.0 (g=0.0 + h=18.0)
      0        1        2    
0     .        5        8    
1     1        4        7    
2     6        3        2    
Move 1 - [1, 0]
      0        1        2    
0     1        5        8    
1     .        4        7    
2     6        3        2    
f=18.0 (g=1.0 + h=17.0)
      0        1        2    
0     1        5        8    
1     .        4        7    
2     6        3        2    
Move 2 - [0, 1]
      0        1        2    
0     1        5        8    
1     4        .        7    
2     6        3        2    
f=18.0 (g=2.0 + h=16.0)
      0        1        2    
0     1        5        8    
1     4        .        7    
2     6        3        2    
Move 3 - [0, 1]
      0        1        2    
0     1        5        8    
1     4        7        .    
2     6        3        2    
f=18.0 (g=3.0 + h=15.0)
      0        1        2    
0     1        5        8    
1     4        7        .    
2     6        3        2    
Move 4 - [1, 0]
      0        1        2    
0     1        5        8    
1     4        7        2    
2     6        3        .    
f=18.0 (g=4.0 + h=14.0)
      0        1        2    
0     1        5        8    
1     4        7        2    
2     6        3        .    
Move 5 - [0, -1]
      0        1        2    
0     1        5        8    
1     4        7        2    
2     6        .        3    
f=18.0 (g=5.0 + h=13.0)
      0        1        2    
0     1        5        8    
1     4        7        2    
2     6        .        3    
Move 6 - [0, -1]
      0        1        2    
0     1        5        8    
1     4        7        2    
2     .        6        3    
f=18.0 (g=6.0 + h=12.0)
      0        1        2    
0     1        5        8    
1     4        7        2    
2     .        6        3    
Move 7 - [-1, 0]
      0        1        2    
0     1        5        8    
1     .        7        2    
2     4        6        3    
f=20.0 (g=7.0 + h=13.0)
      0        1        2    
0     1        5        8    
1     .        7        2    
2     4        6        3    
Move 8 - [-1, 0]
      0        1        2    
0     .        5        8    
1     1        7        2    
2     4        6        3    
f=22.0 (g=8.0 + h=14.0)
      0        1        2    
0     .        5        8    
1     1        7        2    
2     4        6        3    
Move 9 - [0, 1]
      0        1        2    
0     5        .        8    
1     1        7        2    
2     4        6        3    
f=24.0 (g=9.0 + h=15.0)
      0        1        2    
0     5        .        8    
1     1        7        2    
2     4        6        3    
Move 10 - [0, 1]
      0        1        2    
0     5        8        .    
1     1        7        2    
2     4        6        3    
f=24.0 (g=10.0 + h=14.0)
      0        1        2    
0     5        8        .    
1     1        7        2    
2     4        6        3    
Move 11 - [1, 0]
      0        1        2    
0     5        8        2    
1     1        7        .    
2     4        6        3    
f=24.0 (g=11.0 + h=13.0)
      0        1        2    
0     5        8        2    
1     1        7        .    
2     4        6        3    
Move 12 - [1, 0]
      0        1        2    
0     5        8        2    
1     1        7        3    
2     4        6        .    
f=24.0 (g=12.0 + h=12.0)
      0        1        2    
0     5        8        2    
1     1        7        3    
2     4        6        .    
Move 13 - [0, -1]
      0        1        2    
0     5        8        2    
1     1        7        3    
2     4        .        6    
f=24.0 (g=13.0 + h=11.0)
      0        1        2    
0     5        8        2    
1     1        7        3    
2     4        .        6    
Move 14 - [-1, 0]
      0        1        2    
0     5        8        2    
1     1        .        3    
2     4        7        6    
f=24.0 (g=14.0 + h=10.0)
      0        1        2    
0     5        8        2    
1     1        .        3    
2     4        7        6    
Move 15 - [-1, 0]
      0        1        2    
0     5        .        2    
1     1        8        3    
2     4        7        6    
f=24.0 (g=15.0 + h=9.0)
      0        1        2    
0     5        .        2    
1     1        8        3    
2     4        7        6    
Move 16 - [0, -1]
      0        1        2    
0     .        5        2    
1     1        8        3    
2     4        7        6    
f=24.0 (g=16.0 + h=8.0)
      0        1        2    
0     .        5        2    
1     1        8        3    
2     4        7        6    
Move 17 - [1, 0]
      0        1        2    
0     1        5        2    
1     .        8        3    
2     4        7        6    
f=24.0 (g=17.0 + h=7.0)
      0        1        2    
0     1        5        2    
1     .        8        3    
2     4        7        6    
Move 18 - [1, 0]
      0        1        2    
0     1        5        2    
1     4        8        3    
2     .        7        6    
f=24.0 (g=18.0 + h=6.0)
      0        1        2    
0     1        5        2    
1     4        8        3    
2     .        7        6    
Move 19 - [0, 1]
      0        1        2    
0     1        5        2    
1     4        8        3    
2     7        .        6    
f=24.0 (g=19.0 + h=5.0)
      0        1        2    
0     1        5        2    
1     4        8        3    
2     7        .        6    
Move 20 - [-1, 0]
      0        1        2    
0     1        5        2    
1     4        .        3    
2     7        8        6    
f=24.0 (g=20.0 + h=4.0)
      0        1        2    
0     1        5        2    
1     4        .        3    
2     7        8        6    
Move 21 - [-1, 0]
      0        1        2    
0     1        .        2    
1     4        5        3    
2     7        8        6    
f=24.0 (g=21.0 + h=3.0)
      0        1        2    
0     1        .        2    
1     4        5        3    
2     7        8        6    
Move 22 - [0, 1]
      0        1        2    
0     1        2        .    
1     4        5        3    
2     7        8        6    
f=24.0 (g=22.0 + h=2.0)
      0        1        2    
0     1        2        .    
1     4        5        3    
2     7        8        6    
Move 23 - [1, 0]
      0        1        2    
0     1        2        3    
1     4        5        .    
2     7        8        6    
f=24.0 (g=23.0 + h=1.0)
      0        1        2    
0     1        2        3    
1     4        5        .    
2     7        8        6    
Move 24 - [1, 0]
      0        1        2    
0     1        2        3    
1     4        5        6    
2     7        8        .    
f=24.0 (g=24.0 + h=0.0)
      0        1        2    
0     1        2        3    
1     4        5        6    
2     7        8        .    
Puzzle Solved in 0 sec or  0 min